^n/time[s] ^ bruteforce ^ branch&bound ^ dynamic    ^ FPTAS=0.1  ^
|     4    | 0.00005854 |  0.00005436  | 0.00111556 | 0.00042206 |
|     10   | 0.00103532 |  0.00018346  | 0.00668096 | 0.00471038 |
|     15   | 0.03728424 |  0.00094774  | 0.03752692 | 0.02826282 |
|     20   | 1.158171   |  0.02660638  | 0.13431106 | 0.11697322 |
|     22   | 4.60866762 |  0.1089643   | 0.1932481  | 0.18902064 |
|     25   |     NaN    |  0.81157176  | 0.36002596 | 0.36664684 |
|     27   |     NaN    |  3.08290996  | 0.4794965  | 0.52861026 |
|     30   |     NaN    |      NaN     | 0.78171244 | 0.89571224 |
|     32   |     NaN    |      NaN     | 0.9066391  | 1.12906768 |
|     35   |     NaN    |      NaN     | 1.3737256  | 1.85080732 |
|     37   |     NaN    |      NaN     | 1.71947062 | 2.42695326 |
|     40   |     NaN    |      NaN     | 2.4233144  | 3.64695372 |



time
^ n/eps ^   0.6     ^   0.2        ^    0.05  ^
| 4     |  0.000252  | 0.000468     | 0.000666 |
| 10    |  0.002257  | 0.003262     | 0.006318 |
| 15    |  0.010069  | 0.019773     | 0.046599 |
| 20    |  0.034394  | 0.074433     | 0.208158 |
| 22    |  0.050216  | 0.110930     | 0.339883 |
| 25    |  0.092035  | 0.220328     | 0.679378 |
| 27    |  0.130317  | 0.313222     | 0.965425 |
| 30    |  0.216223  | 0.514596     | 1.686521 |
| 32    |  0.265535  | 0.665607     | 2.185783 |
| 35    |  0.423465  | 1.012181     | 3.676685 |
| 37    |  0.541886  | 1.328059     | 4.762713 |
| 40    |  0.756932  | 1.964903     | 6.769749 |

max error
^ n/eps ^   0.6     ^   0.2        ^    0.05  ^
| 4    |  0.099567  | 0.016304     | 0        |
| 10   |  0.013761  | 0.010810     | 0.000837 |
| 15   |  0.005387  | 0.001834     | 0        |
| 20   |  0.003426  | 0            | 0        |
| 22   |  0.003842  | 0.000390     | 0        |
| 25   |  0.003427  | 0.000369     | 0        |
| 27   |  0.001426  | 0.000395     | 0        |
| 30   |  0.001686  | 0.000276     | 0        |
| 32   |  0.001305  | 0.000519     | 0        |
| 35   |  0.001092  | 0            | 0        |
| 37   |  0.000831  | 0.000284     | 0        |
| 40   |  0.000712  | 0.000221     | 0        |

avg error
^ n/eps ^   0.6     ^   0.2        ^    0.05  ^
| 4    |  0.010307  | 0.000326     | 0        |
| 10   |  0.001031  | 0.000319     | 0.000033 |
| 15   |  0.000877  | 0.000178     | 0        |
| 20   |  0.000301  | 0            | 0        |
| 22   |  0.000191  | 0.000008     | 0        |
| 25   |  0.000221  | 0.000021     | 0        |
| 27   |  0.000137  | 0.000008     | 0        |
| 30   |  0.000234  | 0.000006     | 0        |
| 32   |  0.000107  | 0.000016     | 0        |
| 35   |  0.000093  | 0            | 0        |
| 37   |  0.000059  | 0.000006     | 0        |
| 40   |  0.000084  | 0.000009     | 0        |
